388
393
388
393
388
392
387
391
386
392
385
391
385
391
384
390
384
390
384
390
382
390
382
390
381
390
382
388
380
389
380
387
381
387
381
387
380
386
380
386
380
386
379
385
379
386
378
385
377
385
378
385
377
385
377
384
377
383
377
384
376
384
376
383
375
384
375
383
376
382
375
383
374
382
375
382
375
382
373
382
373
382
374
381
373
382
373
381
372
382
372
381
373
381
371
381
372
381
371
381
372
380
371
381
371
380
371
380
371
380
371
379
371
380
371
380
369
380
370
380
369
380
370
380
368
380
370
380
368
380
369
378
369
380
369
378
369
380
367
380
368
379
367
380
368
379
367
380
367
380
366
379
368
378
367
380
365
380
367
379
366