383
388
382
389
382
387
382
388
381
387
381
387
380
386
380
387
379
386
380
385
378
386
378
385
379
385
377
385
378
384
376
385
377
384
376
384
377
383
376
383
376
383
375
383
376
383
374
382
375
383
374
383
373
382
374
382
374
382
373
381
374
381
374
380
373
381
373
381
372
381
372
381
372
380
372
381
371
381
371
380
372
380
370
381
370
381
369
381
370
381
369
380
370
380
369
380
370
380
369
380
369
380
368
380
369
380
368
380
369
379
368
380
368
380
367
380
367
380
367
380
367
379
367
380
366
380
367
379
366
380
367
379
366
379
366