388
383
387
383
387
382
387
383
386
382
387
382
386
381
386
382
386
381
385
381
386
380
386
380
385
380
385
380
384
380
385
380
384
380
384
379
384
380
384
378
384
378
384
379
383
379
383
379
383
377
383
378
383
378
383
378
383
376
383
377
383
377
383
377
382
376
382
377
382
377
382
375
383
376
382
376
382
376
381
376
381
376
382
375
382
374
382
375
381
375
382
374
381
375
381
375
380
374
381
375
381
373
381
374
381
374
381
373
380
374
381
374
379
374
380
374
380
373
380
373
381
373
379
373
380
373
380
372
380
373
380
372
380
372
380
373
379
372
380
372
380
371
380
372
379
371
380
372
380
370
380
371
380
371
379
371
380
370
380
371
379
371
379
371
379
371
379
370
380
370
379
370
380
370
378
371
379
371
378
370
379
370
378
371
379
370
378
370
379
369
379
370
379
368
379
370
379
369
379
369
379
368
380
369
379
368
379
369
379
368
379
369
378
369
379
367
379
369
379
367
380
368
379
367
379
368
380
367
379
368
378
367
380
366
380
367
379
367
379
367
380
366
379
367
379
367
379