383
379
383
378
382
379
382
379
382
378
382
377
382
378
382
378
381
378
381
377
381
378
381
377
381
376
381
377
381
377
380
377
380
376
381
376
380
376
380
376
380
376
380
375
380
375
380
375
380
375
379
376
379
375
379
375
379
375
379
374
379
375
379
374
378
375
379
374
379
373
379
374
379
372
379
374
379
373
378
373
379
373
379
372
379
373
378
372
379
373
378
372
378
373
378
372
378
373
378
372
377
373
378
372
377
372
378
372
377
372
378
372
377
372
377
372
377
372
377
372
377
371
378
370
378
371
378
370
378
371
378
370
377
371
378
370
377
371
377
370
377
371
377
370
377
371
376
370
378
370
376
371
377
369
377
370
377
370
377
370
377
369
377
370
376
370
377
368
377
370
377
369
377
369
376
370
377
369
376
369
377
369
377
369
377
368
377
369
376
369
377
367
377
369
377
368
377
368
376
369
377
367
377
368
377
367
378
368
376
368
377
367
377
367
378
366
377
367
383
388
382
389
382
387
382
388
381
387
381
387
380
386
380
387
379
386
380
385
378
386
378
385
379
385
377
385
378
384
376
385
377
384
376
384
377
383
376
383
376
383
375
383
376
383
374
382
375
383
374
383
373
382
374
382
374
382
373
381
374
381
374
380
373
381
373
381
372
381
372
381
372
380
372
381
371
381
371
380
372
380
370
381
370
381
369
381
370
381
369
380
370
380
369
380
370
380
369
380
369
380
368
380
369
380
368
380
369
379
368
380
368
380
367
380
367
380
367
380
367
379
367
380
366
380
367
379
366
380
367
379
366
379
366