376
390
376
389
376
390
375
389
376
389
375
389
375
390
374
390
374
389
374
389
374
389
374
389
374
389
374
389
372
389
373
390
372
390
372
390
372
389
372
389
372
389
372
390
371
390
370
391
370
389
371
390
371
389
370
391
369
390
370
390
370
390
368
392
368
390
369
391
368
391
367
392
367
392
367
392
366
393
366
392
367
392
366
392
365
393
366
392
366
393
364
394
364
393
364
394
363
395
363
393
364
394
364
394
362
395
362
395
362
395
360
396
361
396
361
396
359
397
360
397
360
397
359
398
358
399
358
398
357
400
356
400
355
401
355
400