387
377
388
375
388
376
388
375
388
375
387
375
388
375
388
375
388
374
388
373
388
373
388
374
388
373
388
372
389
372
388
373
388
373
388
372
388
371
389
372
388
371
389
371
389
370
388
371
389
370
389
370
390
369
389
370
389
370
389
368
390
369
390
368
390
368
390
368
390
368
390
368
390
366
391
367
390
367
391
365
391
367
390
366
392
364
392
365
392
365
392
363
392
365
392
364
393
363
393
363
393
363
394
361
394
362
394