388
377
389
376
390
375
389
376
389
376
389
375
389
376
388
376
388
375
388
375
389
374
389
375
388
374
389
374
389
372
389
374
388
374
388
373
389
372
389
372
389
372
389
373
388
372
389
371
389
371
389
372
389
371
389
370
389
371
389
371
389
370
389
369
390
370
389
370
389
369
390
368
390
369
390
369
390
367
390
368
391
367
391
366
391
367
391
367
391
366
392
365
392
366
391
365
393
364
392
365
392
364
394
363
393
364
393
362
395
362
394
363
394
361
395
361
395
362
394
361
396
360
395
360
396
359
398
359
396
360
396