392
374
392
374
392
372
394
372
392
373
392
373
392
373
392
372
393
372
392
371
394
370
393
371
393
371
393
371
393
371
392
370
394
369
393
370
393
370
393
370
393
370
393
369
394
368
393
370
393
369
393
369
393
368
394
368
393
369
393
368
394
367
394
367
394
368
393
368
394
367
394
366
395
366
394
367
394
366
395
365
395
366
394
366
394
366
395
364
396
365
394
366
395
365
395
363
397
363
395
365
395
364
396
363
397
362
396