378
390
378
390
376
391
376
390
377
389
377
389
377
389
377
389
377
389
376
389
376
389
375
389
375
389
375
389
375
389
375
389
375
389
373
389
374
389
374
389
374
389
373
389
372
390
372
389
373
389
373
389
372
390
371
389
372
389
372
389
372
389
371
390
370
390
371
389
371
390
369
391
369
390
370
390
369
390
369
391
368
391
368
391
368
391
367
391
368
391
368
391
366
393
366
391
367
392
367
392
365
392
366
392
366
392
365
392
365
393
365
393
363
395
363
393
364
394
362
395
362
395
362
395
361
396
360
396
361
396
359
397
360
396
360
397
359
398
358
398
359
398
357
399
357
399
357